00882712
00860677
00894758
00441172
00803511
00492337
00492336
00780810
00780811
00492333
00529902
00529901
00529900
00529897
00850617
00554636
00554635
00760884
00760882
00760883
00758317
00758316
00758315
00870722
00757181
00858053
00811077
00770682
00870900
00881098
00905454
00884461
00874457
00905347
00906118
00757177
00858159
00757176
00756007
00759461
00756006
00848828
00823232
00873696
00880650
00804908
00867325
00757178
00804913
00804914
00856864
00757196
00810073
00782496
00772283
00886638
00909814
00549686
00549686
00560190
00826617
00866988
00818436
00866987
00818444
00817786
00817790
00883789
00883774
00883790
00821066
00823374
00879658
00817780
00879659
00905606
00866478
00907247
00800733
00909806
00907342
00910219
00791124
00625366
00625366
00625367
00832989
00832990
00832988
00772453
00772464
00772444
00772444
00781714
00857983
00908672
00907341
00909167
00883786
00821064
00883787
00908544
00905775
00861527
00905421
00900927
00740074
00705887
00705887
00906636
00791131
00791131
00906637
00747639
00692741
00604913
00747638
00892038
00791125
00910352
00892064
00890659
00890641
00890656
00892066
00890642
00832730
00831903
00831899
00832729
00831901
00831898
00832987
00832728
00831911
00907746
00772451
00908667
00879675
00908668
00819146
00819143
00879679
00844430
00908670
00908671
00819144
00879677
00907246
00910596
00832727
00843991
00870395
00832706
00843990
00843988
00870386
00819148
00819147
00892042
00890673
00892040
00831905
00831906
00831892
00870396
00831890
00831904
00839967
00870387
00890663
00890661
00844134
00870397
00844133
00844132
00844131
00870388
00844429
00845670
00817787
00818897
00844428
00818896
00817788
00537636
00879649
00879650
00883796
00883791
00883795
00883792
00879654
00879656
00879647
00879646
00879648
00866986
00866981
00866980
00818433
00818434
00883773
00883772
00883771
00883770
00823378
00823376
00823377
00818432
00818435
00818404
00899905
00549687
00549687
00541926
00537635
00908511
00846045
00798025
00800212
00800211
00759248
00872229
00787905
00760223
00824038
00897629
00800446
00823233
00897631
00820459
00904967
00904968
00904972
00904973
00757182
00781330
00776360
00884450
00779807
00779806
00779808
00800421
00770653
00770651
00776364
00757158
00778302
00759680
00834935
00900596
00800422
00757159
00792831
00792957
00792953
00824041
00823230
00834960
00834959
00778307
00790477
00757175
00902034
00784335
00757174
00905597
00861304
00905932
00857791
00818137
00861300
00857792
00854960
00857793
00825952
00881457
00909837
00909838
00904552
00833478
00833417
00908673
00904955
00909164
00907244
00906136
00906135
00905744
00855822
00855858
00825820
00906725
00905469
00905470
00901784
00901783
00835042
00835041
00895571
00895593
00896732
00896408
00896409
00895879
00895189
00892861
00896190
00895426
00892863
00895173
00831847
00833987
00831845
00835032
00800828
00831621
00831599
00831594
00831570
00880903
00880904
00880905
00831846
00892862
00839922
00833573
00831848
00831597
00839925
00833587
00831593
00839923
00810621
00810635
00772449
00772450
00772467
00826296
00798284
00831851
00785619
00873698
00873699
00831596
00831571
00772465
00781698
00772446
00772466
00873700
00864412
00864410
00905471
00862380
00862381
00831819
00831829
00831824
00831822
00832185
00831831
00831832
00831850
00831849
00835044
00833574
00833578
00831820
00831828
00866933
00866931
00866930
00833988
00895196
00895150
00895172
00895592
00895427
00892846
00895178
00892845
00866940
00850625
00885480
00885270
00885586
00822105
00822124
00822111
00884404
00860682
00860681
00860680
00905772
00905662
00905665
00886490
00892731
00905658
00905659
00907039
00905767
00873597
00873589
00886637
00754670
00759929
00907962
00907700
00906743
00798387
00870875
00800255
00860676
00882708
00875660
00875659
00800491
00800490
00800489
00882707
00818139
00818138
00908520
00908451
00870716
00818312
00882704
00798277
00907053
00798278
00862905
00781808
00781809
00758900
00858427
00905296
00910027
00720432
00811704
00905357
00835049
00907470
00910031
00910033
00910032
00720807
00781180
00807980
00781173
00781173
00721751
00811705
00631094
00624287
00907044
00624288
00624289
00724588
00780760
00887564
00808495
00808495
00864419
00864418
00877798
00877797
00894582
00894587
00614456
00833702
00833701
00807981
00807981
00817042
00817043
00708787
00624284
00904884
00904884
00299444
00471328
00908373
00908372
00846827
00783562
00781336
00781343
00824453
00824454
00909041
00843717
00843716
00843718
00671177
00671176
00846826
00846825
00880888
00872442
00872443
00833454
00833455
00781344
00901901
00861951
00630784
00906754
00884534
00884517
00884521
00884532
00824452
00824451
00884513
00861950
00892100
00892099
00873691
00909404
00403944
00880909
00909405
00004914
00880908
00909403
00789110
00906332
00908713
00880923
00880923
00880142
00880142
00880144
00880920
00880920
00888096
00888095
00909397
00909396
00909395
00887768
00905410
00818471
00905824
00905826
00858162
00846635
00858055
00906131
00818136
00811411
00714829
00896747
00601274
00788812
00686709
00686709
00843874
00842914
00800201
00825079
00904763
00780836
00888031
00862439
00833771
00862438
00800240
00800240
00833772
00833772
00833772
00833772
00772171
00833716
00790476
00833716
00792609
00764326
00792611
00792611
00792612
00792609
00792610
00792612
00857699
00819677
00792612
00792612
00857699
00792609
00908412
00907476
00905794
00863489
00863487
00863487
00863488
00863487
RFAT80GHHCT
RFAT80HN4KJ
350858550920208
SHKDHWK2MGWTJ
00782656
00908954
00908416
00908957
00908957
00908956
00908955
00887718
00887718
00909355
00907157
00909765
00905500
00887718
00910680
00887718
00887716
00887718
00887716
00873191
00887718
00905386
00905386
00792854
00905386
00780816
00905041
00905042
00908621
00846828
00803514
00908621
00908482
00800846
00908480
00804423
00852336
00905295
00755284
00833786
00849159
00761240
00905550
00905550
00905551
00905550
00905551
00907376
00905551
00905551
00905550
00905550
00905551
00905551
00905551
00905551
00905550
00905551
00905551
00905551
00905551
00905550
00905550
00905551
00905550
00905550
00905550
00905550
00905551
00907375
00907375
00905550
00905550
00834741
00797676
00792845
00757134
00758885
00862909
00759451
00825077
00897630
00770852
00797689
00797688
00907139
00905259
00907151
00907335
00906026
00810076
00906025
00804430
00764332
00764333
00756009
00804431
43241613667A0210301C
00791279
00906382
00906384
00790425
00910751
00908604
00908597
00908599
00843967
00906382
00908596
111588813667A0210300
00908968
00904711
5CD32201M6
00906462
00904948
00863509
00907328
00908884
00906462
00888750
00895154
00906462
00800737
00883758
00895154
00872250
00908884
00900042
00910921
00872250
00884149
5CD32201M7
00872250
00910926
00900042
00908885
00910212
00904728
5CD32201JM
00902037
00911039
00902037
00883758
5CD32201NW
00908884
00881387
5CD32201NQ
00907328
00908884
00904943
00872250
00900042
00909218
00908882
00884149
00900042
00906462
00884149
00895154
00907328
00908638
00907328
00908638
00910289
00909218
00833783
00871842
00833783
00804428
00792592
00792842
00804427
00757128
00828901
00792841
00855305
00870892
00800177
00782476
00782479
00794151
00794151
00905084
00764341
00757117
00794151
00782473
00782476
00764343
00782475
00782479
00780843
00794151
00750659
00910855
00750660
00906742
00907527
00760344
00907056
00907121
00907527
00907121
00907527
00907056
00907118
00907120
00907122
00906742
00760344
00906742
00907056
00907118
00907118
00760344
00760344
00757123
00906742
00907121
00907527
00907056
00760344
00906742
00907120
00906742
00907118
00907118
00907121
00797990
00764335
00797990
00797989
00818306
00797989
00797990
00818309
00818306
00800184
00873650
00797989
00857712
00764337
00797990
00797991
00797989
00818308
00818309
00873650
00797988
00797990
00907072
00880886
00907073
00907072
00861953
00780738
00775507
00850271
00861953
00780738
00780738
00908405
00861953
00861953
00780738
00905518
00908374
00905517
00686734
00905518
00906503
00780738
00908406
00905517
00908374
00906621
00884190
00906191
00907543
00894681
00864470
00907543
00884194
00884190
00884194
00695071
00752189
00695071
00695071
00906680
00906680
00909878
00906681
00906680
00906681
00906681
00906680
00906680
00906680
00906681
00909877
00906681
00906680
00906681
00907371
00906680
00907372
00906680
00906681
00906681
00909877
00910453
00906680
00906680
00906680
00906681
00906681
00906680
00906681
00906681
00906681
00907371
00908721
00906681
00906680
00909408








































































































































































